2022-05-10-17-06-56_frame0168_6wheel 1 32 1
2022-05-10-17-06-56_frame0491_6wheel 1 32 1
2022-05-10-17-06-56_frame0766_6wheel 1 32 1
2022-05-10-17-06-56_frame1548_6wheel 1 32 1
2022-05-10-17-06-56_frame1808_6wheel 1 32 1
2022-05-10-17-06-56_frame2063_6wheel 1 32 1
2022-05-10-17-06-56_frame2343_6wheel 1 32 1
2022-05-10-17-06-56_frame3943_6wheel 1 32 1
2022-05-10-17-06-56_frame4619_6wheel 1 32 1
2022-05-10-17-06-56_frame4987_6wheel 1 32 1
2022-05-10-17-06-56_frame5580_6wheel 1 32 1
2022-05-10-17-06-56_frame5850_6wheel 1 32 1
2022-05-10-17-06-56_frame6274_6wheel 1 32 1
2022-05-10-17-38-20_frame0180_6wheel 1 32 1
2022-07-18-09-35-46_frame0793_6wheel 1 32 1
2022-07-18-09-35-46_frame0988_6wheel 1 32 1
2022-07-18-09-35-46_frame1290_6wheel 1 32 1
2022-07-18-09-35-46_frame1470_6wheel 1 32 1
2022-07-18-09-35-46_frame1681_6wheel 1 32 1
2022-07-18-09-40-31_frame0097_6wheel 1 32 1
2022-07-18-09-40-31_frame0160_6wheel 1 32 1
2022-07-18-09-40-31_frame0368_6wheel 1 32 1
2022-07-18-09-40-31_frame0532_6wheel 1 32 1
2022-07-18-09-40-31_frame0690_6wheel 1 32 1
2022-07-18-09-40-31_frame0931_6wheel 1 32 1
2022-07-18-09-40-31_frame1072_6wheel 1 32 1
2022-07-18-10-03-53_frame0464_6wheel 1 32 1
2022-05-10-17-06-56_frame6708_6wheel 1 32 1
2022-07-18-09-35-46_frame0520_6wheel 1 32 1
2022-07-18-10-03-53_frame0589_6wheel 1 32 1
2022-07-18-10-03-53_frame2611_6wheel 1 32 1
2022-07-18-10-21-12_frame0321_6wheel 1 32 1
2022-07-18-10-21-12_frame3212_6wheel 1 32 1
2022-07-18-11-14-43_frame3477_6wheel 1 32 1
2022-07-18-10-03-53_frame0811_6wheel 1 32 1
2022-07-18-10-03-53_frame1683_6wheel 1 32 1
2022-07-18-10-03-53_frame2389_6wheel 1 32 1
2022-07-18-10-21-12_frame0731_6wheel 1 32 1
2022-07-18-10-21-12_frame1257_6wheel 1 32 1
2022-07-18-10-21-12_frame1707_6wheel 1 32 1
2022-07-18-10-21-12_frame2518_6wheel 1 32 1
2022-07-18-10-21-12_frame2749_6wheel 1 32 1
2022-07-18-10-21-12_frame3104_6wheel 1 32 1
2022-07-18-11-14-43_frame0208_6wheel 1 32 1
2022-07-18-11-14-43_frame0496_6wheel 1 32 1
2022-07-18-11-14-43_frame1001_6wheel 1 32 1
2022-07-18-11-14-43_frame1240_6wheel 1 32 1
2022-07-18-11-14-43_frame1314_6wheel 1 32 1
2022-07-18-11-14-43_frame1565_6wheel 1 32 1
2022-07-18-11-14-43_frame1840_6wheel 1 32 1
2022-07-18-11-14-43_frame2207_6wheel 1 32 1
2022-07-18-11-14-43_frame2410_6wheel 1 32 1
2022-07-18-11-14-43_frame2684_6wheel 1 32 1
2022-07-18-11-14-43_frame3068_6wheel 1 32 1
2022-07-18-11-14-43_frame4053_6wheel 1 32 1
2022-07-18-11-14-43_frame4379_6wheel 1 32 1
2022-07-18-11-14-43_frame4801_6wheel 1 32 1
2022-07-18-11-14-43_frame4957_6wheel 1 32 1
2022-07-18-11-14-43_frame5179_6wheel 1 32 1
2022-07-18-11-14-43_frame5302_6wheel 1 32 1
