2022-05-10-17-06-56_frame3685_4wheel 1 32 0
2022-05-10-17-06-56_frame3864_4wheel 1 32 0
2022-05-10-17-06-56_frame7618_4wheel 1 32 0
2022-05-10-17-29-39_frame0951_4wheel 1 32 0
2022-07-18-09-35-46_frame0194_4wheel 1 32 0
2022-07-18-09-35-46_frame0289_4wheel 1 32 0
2022-07-18-09-35-46_frame0319_4wheel 1 32 0
2022-07-18-09-35-46_frame0352_4wheel 1 32 0
2022-07-18-10-01-19_frame0100_4wheel 1 32 0
2022-07-18-10-01-19_frame0150_4wheel 1 32 0
2022-07-18-10-01-19_frame0200_4wheel 1 32 0
2022-07-18-10-01-19_frame0591_4wheel 1 32 0
2022-07-18-10-01-19_frame0700_4wheel 1 32 0
2022-07-18-10-01-19_frame0811_4wheel 1 32 0
2022-07-18-10-42-55_frame2257_4wheel 1 32 0
2022-07-18-10-42-55_frame5154_4wheel 1 32 0
2022-07-18-10-03-53_frame1073_4wheel 1 32 0
2022-07-18-10-03-53_frame1108_4wheel 1 32 0
2022-07-18-10-03-53_frame1415_4wheel 1 32 0
2022-07-18-10-03-53_frame1501_4wheel 1 32 0
2022-07-18-10-13-16_frame0305_4wheel 1 32 0
2022-07-18-10-13-16_frame0396_4wheel 1 32 0
2022-07-18-10-13-16_frame0604_4wheel 1 32 0
2022-07-18-10-13-16_frame0672_4wheel 1 32 0
2022-07-18-10-13-16_frame0734_4wheel 1 32 0
2022-07-18-10-13-16_frame0859_4wheel 1 32 0
2022-07-18-10-42-55_frame1581_4wheel 1 32 0
2022-07-18-10-42-55_frame1652_4wheel 1 32 0
2022-07-18-10-42-55_frame1763_4wheel 1 32 0
2022-07-18-10-42-55_frame1834_4wheel 1 32 0
2022-07-18-10-42-55_frame1904_4wheel 1 32 0
2022-07-18-10-42-55_frame2032_4wheel 1 32 0
2022-07-18-10-42-55_frame2175_4wheel 1 32 0
2022-07-18-10-42-55_frame2228_4wheel 1 32 0
2022-07-18-10-42-55_frame2294_4wheel 1 32 0
2022-07-18-10-42-55_frame2457_4wheel 1 32 0
2022-07-18-10-42-55_frame2647_4wheel 1 32 0
2022-07-18-10-42-55_frame3100_4wheel 1 32 0
2022-07-18-10-42-55_frame3609_4wheel 1 32 0
2022-07-18-10-42-55_frame3795_4wheel 1 32 0
2022-07-18-10-42-55_frame3888_4wheel 1 32 0
2022-07-18-10-42-55_frame4176_4wheel 1 32 0
2022-07-18-10-42-55_frame4275_4wheel 1 32 0
2022-07-18-10-42-55_frame4528_4wheel 1 32 0
2022-07-18-10-42-55_frame4849_4wheel 1 32 0
2022-07-18-10-42-55_frame5111_4wheel 1 32 0
2022-07-18-11-14-43_frame5390_4wheel 1 32 0
2022-07-18-11-14-43_frame5955_4wheel 1 32 0
